0.00000000	0.00000081
0.10213400	0.00000069
0.20364100	0.00000057
0.30557700	0.00000063
0.40325700	0.00000061
0.50987900	0.00000069
0.61137700	0.00000082
0.71309300	0.00000069
0.81486800	0.00000102
0.91751400	0.00000087
1.01904000	0.00000100
1.12146000	0.00000092
1.22278000	0.00000082
1.32606000	0.00000092
1.42424000	0.00000080
1.52709000	0.00000077
1.63168000	0.00000087
1.73266000	0.00000085
1.83564000	0.00000080
1.93477000	0.00000078
2.03717000	0.00000098
2.14108000	0.00000081
2.24369000	0.00000092
2.34524000	0.00000106
2.44511000	0.00000118
2.54657000	0.00000123
2.65142000	0.00000132
2.75370000	0.00000126
2.85540000	0.00000121
2.95399000	0.00000124
3.05670000	0.00000135
3.16128000	0.00000136
3.26366000	0.00000182
3.36558000	0.00000181
3.46488000	0.00000170
3.56602000	0.00000189
3.67201000	0.00000154
3.77461000	0.00000182
3.87653000	0.00000191
3.97503000	0.00000141
4.07623000	0.00000148
4.18286000	0.00000213
4.28451000	0.00000162
4.38677000	0.00000165
4.48834000	0.00000158
4.59112000	0.00000176
4.69244000	0.00000220
4.79473000	0.00000173
4.89591000	0.00000194
4.99455000	0.00000193
