0.00000000	0.00000037
0.10151700	0.00000045
0.20309700	0.00000072
0.30501300	0.00000110
0.40704200	0.00000172
0.50949500	0.00000243
0.61065900	0.00000315
0.71296100	0.00000406
0.81437900	0.00000505
0.91693700	0.00000611
1.01847000	0.00000731
1.12129000	0.00000864
1.22253000	0.00001001
1.32571000	0.00001138
1.42594000	0.00001287
1.52982000	0.00001447
1.63112000	0.00001610
1.73309000	0.00001784
1.83522000	0.00001968
1.93533000	0.00002157
2.03941000	0.00002340
2.14076000	0.00002524
2.23976000	0.00002705
2.34221000	0.00002910
2.44698000	0.00003092
2.54847000	0.00003296
2.65097000	0.00003502
2.75324000	0.00003697
2.85531000	0.00003903
2.95700000	0.00004116
3.05919000	0.00004324
3.16074000	0.00004548
3.26390000	0.00004759
3.36500000	0.00004948
3.46751000	0.00005174
3.56866000	0.00005422
3.67045000	0.00005652
3.77424000	0.00005866
3.87618000	0.00006094
3.97831000	0.00006326
4.07950000	0.00006548
4.18155000	0.00006769
4.28425000	0.00006975
4.38647000	0.00007220
4.48822000	0.00007460
4.58936000	0.00007686
4.69073000	0.00007919
4.79463000	0.00008246
4.89639000	0.00008482
4.99869000	0.00008673
