0.00000000	0.00000036
0.10178700	0.00000052
0.20198400	0.00000075
0.30550700	0.00000113
0.40673200	0.00000161
0.50914500	0.00000228
0.61081600	0.00000304
0.71298900	0.00000390
0.81502900	0.00000488
0.91703900	0.00000602
1.01907000	0.00000725
1.12027000	0.00000857
1.22260000	0.00000997
1.32557000	0.00001148
1.42721000	0.00001309
1.52952000	0.00001539
1.63137000	0.00001713
1.73306000	0.00001899
1.83500000	0.00002082
1.93713000	0.00002263
2.03939000	0.00002448
2.14115000	0.00002554
2.24329000	0.00002743
2.34518000	0.00002938
2.44729000	0.00003140
2.54951000	0.00003351
2.65099000	0.00003559
2.75313000	0.00003774
2.85482000	0.00003996
2.95692000	0.00004208
3.05925000	0.00004437
3.16091000	0.00004659
3.25895000	0.00004890
3.36539000	0.00005118
3.46784000	0.00005348
3.56896000	0.00005583
3.67152000	0.00005818
3.77462000	0.00006047
3.87667000	0.00006228
3.97808000	0.00006471
4.08003000	0.00006716
4.18219000	0.00006962
4.28455000	0.00007245
4.38664000	0.00007448
4.48806000	0.00007738
4.59016000	0.00007951
4.69209000	0.00008206
4.79465000	0.00008453
4.89619000	0.00008759
4.99854000	0.00008952
