0.00000000	0.00000026
0.10198300	0.00000025
0.20364400	0.00000021
0.30537500	0.00000019
0.40703900	0.00000021
0.50929700	0.00000019
0.61114400	0.00000020
0.71361200	0.00000020
0.81492500	0.00000020
0.91742200	0.00000018
1.01879000	0.00000020
1.12118000	0.00000016
1.22284000	0.00000019
1.32590000	0.00000020
1.42815000	0.00000020
1.53034000	0.00000018
1.63201000	0.00000020
1.73353000	0.00000020
1.83514000	0.00000022
1.93711000	0.00000019
2.03947000	0.00000022
2.14151000	0.00000022
2.24426000	0.00000022
2.34474000	0.00000020
2.44772000	0.00000022
2.54943000	0.00000022
2.65176000	0.00000023
2.75324000	0.00000021
2.85422000	0.00000020
2.95759000	0.00000022
3.05990000	0.00000020
3.16142000	0.00000021
3.26361000	0.00000022
3.36439000	0.00000021
3.46796000	0.00000019
3.56957000	0.00000020
3.67192000	0.00000017
3.77471000	0.00000017
3.87504000	0.00000018
3.97884000	0.00000020
4.08059000	0.00000021
4.18267000	0.00000021
4.28450000	0.00000018
4.38691000	0.00000019
4.48838000	0.00000020
4.59094000	0.00000021
4.69248000	0.00000018
4.79475000	0.00000017
4.89671000	0.00000021
4.99894000	0.00000023
