0.00000000	0.00000128
0.10141000	0.00000121
0.20314300	0.00000123
0.30528500	0.00000119
0.40677200	0.00000100
0.50969500	0.00000105
0.61108600	0.00000119
0.71350300	0.00000089
0.81471700	0.00000121
0.91697600	0.00000128
1.01903000	0.00000162
1.12079000	0.00000194
1.22278000	0.00000202
1.32560000	0.00000252
1.42714000	0.00000310
1.53010000	0.00000324
1.63165000	0.00000401
1.73338000	0.00000461
1.83349000	0.00000527
1.93547000	0.00000597
2.03961000	0.00000678
2.14095000	0.00000746
2.24314000	0.00000812
2.34352000	0.00000910
2.44466000	0.00000964
2.54981000	0.00001056
2.65152000	0.00001141
2.75288000	0.00001242
2.85147000	0.00001334
2.95741000	0.00001420
3.05971000	0.00001522
3.16183000	0.00001621
3.26327000	0.00001734
3.36574000	0.00001836
3.46802000	0.00001967
3.56954000	0.00002061
3.67202000	0.00002178
3.77385000	0.00002287
3.87618000	0.00002361
3.97902000	0.00002508
4.08043000	0.00002613
4.18256000	0.00002771
4.28443000	0.00002862
4.38659000	0.00002993
4.48872000	0.00003144
4.59106000	0.00003269
4.69259000	0.00003401
4.79459000	0.00003546
4.89692000	0.00003649
4.99919000	0.00003794
