0.00007248	0.00000040
0.10201900	0.00000057
0.20462000	0.00000091
0.30769200	0.00000142
0.41336100	0.00000208
0.51628700	0.00000281
0.61759000	0.00000364
0.72291000	0.00000453
0.82707700	0.00000554
0.92946100	0.00000654
1.03235000	0.00000757
1.13662000	0.00000870
1.23886000	0.00000986
1.34353000	0.00001105
1.44673000	0.00001234
1.55008000	0.00001377
1.65246000	0.00001507
1.75603000	0.00001659
1.86010000	0.00001804
1.96208000	0.00001978
2.06662000	0.00002145
2.17018000	0.00002306
2.27427000	0.00002486
2.37682000	0.00002677
2.47915000	0.00002867
2.58465000	0.00003042
2.68809000	0.00003235
2.79105000	0.00003419
2.89445000	0.00003607
2.99817000	0.00003823
