0.00000000	0.00000036
0.10156400	0.00000038
0.20355800	0.00000036
0.30518800	0.00000042
0.40698200	0.00000064
0.50870500	0.00000089
0.61029400	0.00000124
0.71325200	0.00000185
0.81511100	0.00000257
0.91706800	0.00000330
1.01790000	0.00000426
1.12053000	0.00000531
1.22290000	0.00000654
1.32656000	0.00000799
1.42784000	0.00000968
1.52885000	0.00001132
1.63055000	0.00001316
1.73351000	0.00001513
1.83570000	0.00001713
1.93726000	0.00001932
2.03833000	0.00002145
2.13955000	0.00002366
2.24361000	0.00002420
2.34548000	0.00002649
2.44749000	0.00002873
2.54881000	0.00003170
2.65089000	0.00003409
2.75295000	0.00003658
2.85553000	0.00003911
2.95739000	0.00004178
3.05975000	0.00004431
3.16118000	0.00004662
3.26410000	0.00004930
3.36549000	0.00005198
3.46769000	0.00005468
3.56954000	0.00005747
3.67166000	0.00006090
3.77464000	0.00006381
3.87646000	0.00006668
3.97896000	0.00007000
4.08034000	0.00007293
4.18241000	0.00007603
4.28474000	0.00007910
4.38681000	0.00008321
4.48860000	0.00008633
4.59104000	0.00008796
4.69185000	0.00009187
4.79479000	0.00009876
4.89642000	0.00009997
4.99910000	0.00010263
