0.00000000	0.00000038
0.10159800	0.00000038
0.20338800	0.00000043
0.30582400	0.00000061
0.40566800	0.00000082
0.50939000	0.00000118
0.61152500	0.00000167
0.71306800	0.00000225
0.81476800	0.00000299
0.91738600	0.00000396
1.01661000	0.00000512
1.11985000	0.00000621
1.22224000	0.00000763
1.32617000	0.00000914
1.42767000	0.00001077
1.52986000	0.00001253
1.63201000	0.00001435
1.73261000	0.00001633
1.83550000	0.00001848
1.93779000	0.00002068
2.03948000	0.00002281
2.14129000	0.00002506
2.24397000	0.00002740
2.34441000	0.00002977
2.44716000	0.00003247
2.55008000	0.00003494
2.64828000	0.00003748
2.75346000	0.00004002
2.85573000	0.00004277
2.95728000	0.00004532
3.05925000	0.00004790
3.16113000	0.00005053
3.26063000	0.00005380
3.36519000	0.00005677
3.46782000	0.00005912
3.56959000	0.00006195
3.67186000	0.00006532
3.77479000	0.00006817
3.87426000	0.00007116
3.97786000	0.00007426
4.08068000	0.00007732
4.18258000	0.00008037
4.28452000	0.00008248
4.38647000	0.00008518
4.48842000	0.00008811
4.59007000	0.00009094
4.69230000	0.00009394
4.79480000	0.00009540
4.89637000	0.00009926
4.99899000	0.00010223
