-4.99721000	-0.00000060
-4.89683000	-0.00000047
-4.79543000	-0.00000037
-4.69749000	-0.00000033
-4.59310000	-0.00000027
-4.48978000	-0.00000024
-4.38742000	-0.00000021
-4.28529000	-0.00000019
-4.18349000	-0.00000019
-4.08169000	-0.00000018
-3.97974000	-0.00000013
-3.87762000	-0.00000014
-3.77664000	-0.00000009
-3.67236000	-0.00000006
-3.57049000	-0.00000007
-3.46816000	-0.00000005
-3.36645000	-0.00000004
-3.26438000	-0.00000002
-3.16244000	-0.00000001
-3.06026000	-0.00000004
-2.96024000	-0.00000004
-2.85678000	-0.00000002
-2.75439000	-0.00000008
-2.65221000	-0.00000004
-2.55032000	-0.00000009
-2.44788000	-0.00000009
-2.34630000	-0.00000009
-2.24490000	-0.00000010
-2.14543000	-0.00000010
-2.04187000	-0.00000012
-1.93799000	-0.00000013
-1.83680000	-0.00000012
-1.73446000	-0.00000015
-1.63248000	-0.00000014
-1.53030000	-0.00000016
-1.42877000	-0.00000015
-1.32640000	-0.00000019
-1.22726000	-0.00000020
-1.12193000	-0.00000020
-1.01990000	-0.00000020
-0.91797300	-0.00000019
-0.81568300	-0.00000022
-0.71438900	-0.00000022
-0.61195900	-0.00000025
-0.51009300	-0.00000023
-0.40827400	-0.00000023
-0.30654000	-0.00000022
-0.20388300	-0.00000024
-0.10251000	-0.00000023
-0.01507280	-0.00000024
