-4.99731000	-0.00000131
-4.89660000	-0.00000130
-4.79501000	-0.00000133
-4.69356000	-0.00000129
-4.59141000	-0.00000132
-4.48960000	-0.00000128
-4.38773000	-0.00000131
-4.28598000	-0.00000137
-4.18442000	-0.00000145
-4.08144000	-0.00000135
-3.97909000	-0.00000141
-3.87732000	-0.00000150
-3.77549000	-0.00000150
-3.67239000	-0.00000155
-3.57112000	-0.00000156
-3.46849000	-0.00000145
-3.36862000	-0.00000140
-3.26561000	-0.00000152
-3.16215000	-0.00000144
-3.06007000	-0.00000147
-2.95860000	-0.00000149
-2.85603000	-0.00000142
-2.75467000	-0.00000143
-2.65286000	-0.00000140
-2.55340000	-0.00000141
-2.44987000	-0.00000149
-2.34637000	-0.00000147
-2.24426000	-0.00000149
-2.14248000	-0.00000147
-2.04059000	-0.00000151
-1.93829000	-0.00000146
-1.83667000	-0.00000145
-1.73469000	-0.00000146
-1.63483000	-0.00000140
-1.53029000	-0.00000148
-1.42906000	-0.00000148
-1.32599000	-0.00000155
-1.22369000	-0.00000149
-1.12179000	-0.00000149
-1.01999000	-0.00000140
-0.91843100	-0.00000127
-0.81881700	-0.00000136
-0.71401800	-0.00000129
-0.61182300	-0.00000131
-0.51034400	-0.00000136
-0.40754100	-0.00000132
-0.30654000	-0.00000125
-0.20521800	-0.00000129
-0.10385000	-0.00000124
-0.00531769	-0.00000127
