-4.99612000	-0.00000091
-4.89678000	-0.00000103
-4.79528000	-0.00000090
-4.69368000	-0.00000088
-4.59147000	-0.00000089
-4.49103000	-0.00000089
-4.38836000	-0.00000084
-4.28575000	-0.00000074
-4.18315000	-0.00000093
-4.08164000	-0.00000092
-3.97920000	-0.00000081
-3.87765000	-0.00000075
-3.77552000	-0.00000070
-3.67248000	-0.00000074
-3.57330000	-0.00000086
-3.46797000	-0.00000083
-3.36646000	-0.00000098
-3.26471000	-0.00000094
-3.16241000	-0.00000093
-3.06074000	-0.00000100
-2.96035000	-0.00000076
-2.85697000	-0.00000086
-2.75445000	-0.00000090
-2.65202000	-0.00000087
-2.54985000	-0.00000089
-2.44830000	-0.00000088
-2.34656000	-0.00000087
-2.24549000	-0.00000085
-2.14210000	-0.00000084
-2.04043000	-0.00000078
-1.93811000	-0.00000070
-1.83640000	-0.00000088
-1.73461000	-0.00000085
-1.63379000	-0.00000079
-1.53073000	-0.00000086
-1.42849000	-0.00000092
-1.33014000	-0.00000088
-1.22335000	-0.00000088
-1.12209000	-0.00000093
-1.01980000	-0.00000089
-0.91845200	-0.00000089
-0.81569000	-0.00000083
-0.71621300	-0.00000088
-0.61190700	-0.00000088
-0.51019500	-0.00000081
-0.40795600	-0.00000086
-0.30626300	-0.00000090
-0.20393000	-0.00000084
-0.10223500	-0.00000078
-0.01422310	-0.00000076
