-4.99639000	-0.00000102
-4.89694000	-0.00000101
-4.79529000	-0.00000094
-4.69471000	-0.00000090
-4.59143000	-0.00000090
-4.48955000	-0.00000088
-4.38752000	-0.00000093
-4.28559000	-0.00000091
-4.18375000	-0.00000091
-4.08140000	-0.00000090
-3.97913000	-0.00000077
-3.87774000	-0.00000087
-3.77516000	-0.00000092
-3.67280000	-0.00000090
-3.57051000	-0.00000083
-3.47238000	-0.00000075
-3.36654000	-0.00000087
-3.26404000	-0.00000093
-3.16271000	-0.00000069
-3.06304000	-0.00000074
-2.96074000	-0.00000090
-2.85604000	-0.00000076
-2.75449000	-0.00000081
-2.65188000	-0.00000087
-2.55157000	-0.00000087
-2.44961000	-0.00000073
-2.34611000	-0.00000079
-2.24418000	-0.00000091
-2.14223000	-0.00000090
-2.04111000	-0.00000087
-1.93867000	-0.00000092
-1.83671000	-0.00000087
-1.73420000	-0.00000091
-1.63246000	-0.00000091
-1.53102000	-0.00000082
-1.42839000	-0.00000093
-1.32655000	-0.00000091
-1.22367000	-0.00000091
-1.12197000	-0.00000087
-1.02015000	-0.00000078
-0.91838900	-0.00000092
-0.81891700	-0.00000089
-0.71663200	-0.00000084
-0.61202100	-0.00000093
-0.51061500	-0.00000094
-0.40799500	-0.00000082
-0.30740000	-0.00000086
-0.20496600	-0.00000097
-0.10240800	-0.00000097
-0.00948906	-0.00000083
