-4.99730000	-0.00002824
-4.89637000	-0.00002539
-4.79512000	-0.00002140
-4.69336000	-0.00001715
-4.59191000	-0.00001397
-4.48942000	-0.00001051
-4.38692000	-0.00000904
-4.28558000	-0.00000819
-4.18304000	-0.00000707
-4.08142000	-0.00000611
-3.97993000	-0.00000440
-3.87769000	-0.00000368
-3.77475000	-0.00000388
-3.67466000	-0.00000333
-3.57071000	-0.00000286
-3.46839000	-0.00000254
-3.36682000	-0.00000209
-3.26469000	-0.00000186
-3.16243000	-0.00000191
-3.06096000	-0.00000125
-2.95832000	-0.00000110
-2.85651000	-0.00000103
-2.75418000	-0.00000090
-2.65251000	-0.00000094
-2.55079000	-0.00000082
-2.44839000	-0.00000071
-2.34649000	-0.00000074
-2.24796000	-0.00000052
-2.14232000	-0.00000046
-2.04068000	-0.00000033
-1.93847000	-0.00000030
-1.83612000	-0.00000038
-1.73448000	-0.00000026
-1.63406000	-0.00000029
-1.53097000	-0.00000014
-1.42824000	-0.00000013
-1.32656000	-0.00000004
-1.22327000	-0.00000002
-1.12191000	-0.00000007
-1.01934000	-0.00000009
-0.91894800	-0.00000011
-0.81591400	-0.00000015
-0.71401800	-0.00000013
-0.61176600	-0.00000021
-0.51016100	-0.00000022
-0.40795800	-0.00000022
-0.30610000	-0.00000026
-0.20422500	-0.00000030
-0.10224500	-0.00000031
-0.01431560	-0.00000034
