-4.99697000	-0.00003088
-4.89765000	-0.00001628
-4.79596000	-0.00001088
-4.69336000	-0.00000830
-4.59092000	-0.00000699
-4.48966000	-0.00000508
-4.38804000	-0.00000391
-4.28591000	-0.00000307
-4.18307000	-0.00000292
-4.08548000	-0.00000208
-3.97911000	-0.00000167
-3.87790000	-0.00000144
-3.77513000	-0.00000101
-3.67308000	-0.00000105
-3.57095000	-0.00000099
-3.46854000	-0.00000077
-3.36663000	-0.00000070
-3.26431000	-0.00000058
-3.16282000	-0.00000050
-3.06051000	-0.00000042
-2.95987000	-0.00000034
-2.85630000	-0.00000028
-2.75451000	-0.00000026
-2.65191000	-0.00000023
-2.55029000	-0.00000018
-2.44869000	-0.00000015
-2.34588000	-0.00000011
-2.24723000	-0.00000009
-2.14217000	-0.00000005
-2.04050000	-0.00000002
-1.93828000	-0.00000001
-1.83665000	-0.00000001
-1.73419000	-0.00000006
-1.63379000	-0.00000010
-1.53034000	-0.00000009
-1.42855000	-0.00000011
-1.32616000	-0.00000016
-1.22361000	-0.00000017
-1.12172000	-0.00000018
-1.02000000	-0.00000020
-0.91838900	-0.00000021
-0.81589300	-0.00000024
-0.71672800	-0.00000027
-0.61155900	-0.00000026
-0.51021400	-0.00000028
-0.40836100	-0.00000031
-0.30622100	-0.00000032
-0.20573600	-0.00000035
-0.10248200	-0.00000035
-0.00587082	-0.00000037
