-4.99666000	-0.00000083
-4.89697000	-0.00000084
-4.79535000	-0.00000087
-4.69423000	-0.00000085
-4.59148000	-0.00000088
-4.48953000	-0.00000090
-4.38729000	-0.00000086
-4.28578000	-0.00000096
-4.18328000	-0.00000092
-4.08148000	-0.00000090
-3.97931000	-0.00000086
-3.87801000	-0.00000089
-3.77625000	-0.00000088
-3.67246000	-0.00000088
-3.57079000	-0.00000087
-3.46821000	-0.00000089
-3.36700000	-0.00000086
-3.26466000	-0.00000088
-3.16249000	-0.00000086
-3.06060000	-0.00000085
-2.95799000	-0.00000089
-2.85663000	-0.00000086
-2.75473000	-0.00000092
-2.65187000	-0.00000089
-2.55112000	-0.00000093
-2.44828000	-0.00000101
-2.34636000	-0.00000097
-2.24450000	-0.00000093
-2.14346000	-0.00000094
-2.04064000	-0.00000100
-1.93852000	-0.00000102
-1.83639000	-0.00000099
-1.73452000	-0.00000099
-1.63262000	-0.00000091
-1.53275000	-0.00000095
-1.43064000	-0.00000092
-1.32628000	-0.00000094
-1.22319000	-0.00000094
-1.12182000	-0.00000092
-1.02032000	-0.00000097
-0.91890000	-0.00000097
-0.81604600	-0.00000099
-0.71390500	-0.00000099
-0.61174600	-0.00000094
-0.51105500	-0.00000097
-0.40868900	-0.00000096
-0.30616500	-0.00000097
-0.20396900	-0.00000098
-0.10251500	-0.00000099
-0.00660324	-0.00000099
