-4.99625000	-0.00002841
-4.89638000	-0.00001992
-4.79518000	-0.00001354
-4.69351000	-0.00000653
-4.59136000	-0.00000715
-4.48945000	-0.00000579
-4.38715000	-0.00000401
-4.28934000	-0.00000285
-4.18330000	-0.00000239
-4.08119000	-0.00000280
-3.97923000	-0.00000262
-3.87985000	-0.00000238
-3.77713000	-0.00000211
-3.67211000	-0.00000181
-3.57041000	-0.00000171
-3.46808000	-0.00000163
-3.36719000	-0.00000134
-3.26520000	-0.00000125
-3.16246000	-0.00000114
-3.06024000	-0.00000118
-2.95782000	-0.00000112
-2.85656000	-0.00000107
-2.75509000	-0.00000103
-2.65170000	-0.00000097
-2.55011000	-0.00000071
-2.44770000	-0.00000069
-2.34653000	-0.00000064
-2.24435000	-0.00000072
-2.14178000	-0.00000051
-2.04054000	-0.00000049
-1.93808000	-0.00000052
-1.83625000	-0.00000041
-1.73452000	-0.00000037
-1.63207000	-0.00000040
-1.52982000	-0.00000033
-1.42883000	-0.00000026
-1.32625000	-0.00000024
-1.22329000	-0.00000018
-1.12174000	-0.00000017
-1.01940000	-0.00000011
-0.91783200	-0.00000005
-0.81550100	-0.00000003
-0.71427300	-0.00000002
-0.61170800	-0.00000006
-0.51014400	-0.00000008
-0.40751200	-0.00000014
-0.30622100	-0.00000015
-0.20408800	-0.00000018
-0.10228100	-0.00000022
-0.01532840	-0.00000032
