0.00029373	0.00000038
0.10232800	0.00000036
0.20339900	0.00000032
0.30558600	0.00000035
0.40772500	0.00000035
0.50917600	0.00000042
0.61058100	0.00000053
0.71379400	0.00000075
0.81515300	0.00000105
0.91735300	0.00000142
1.01841000	0.00000193
1.12047000	0.00000257
1.22293000	0.00000337
1.32635000	0.00000441
1.42803000	0.00000550
1.52909000	0.00000672
1.63111000	0.00000805
1.73326000	0.00000959
1.83598000	0.00001113
1.93709000	0.00001277
2.03895000	0.00001449
2.14082000	0.00001632
2.24387000	0.00001827
2.34532000	0.00002023
2.44743000	0.00002229
2.54863000	0.00002439
2.65106000	0.00002660
2.75316000	0.00002887
2.85587000	0.00003119
2.95716000	0.00003357
3.05910000	0.00003598
3.16088000	0.00003842
3.26392000	0.00004094
3.36563000	0.00004350
3.46793000	0.00004628
3.56898000	0.00004895
3.67131000	0.00005168
3.77491000	0.00005448
3.87652000	0.00005721
3.97875000	0.00006009
4.07955000	0.00006298
4.18226000	0.00006574
4.28488000	0.00006864
4.38714000	0.00007164
4.48839000	0.00007469
4.58948000	0.00007767
4.69138000	0.00008077
4.79469000	0.00008381
4.89690000	0.00008690
4.99881000	0.00009007
