0.00000000	0.00000043
0.10150000	0.00000045
0.20336100	0.00000067
0.30564700	0.00000109
0.40595500	0.00000160
0.50843800	0.00000235
0.61090800	0.00000326
0.71300900	0.00000426
0.81501700	0.00000537
0.91714600	0.00000664
1.01833000	0.00000796
1.11874000	0.00000942
1.22082000	0.00001096
1.32593000	0.00001257
1.42727000	0.00001437
1.52962000	0.00001625
1.63137000	0.00001778
1.73314000	0.00001968
1.83396000	0.00002160
1.93756000	0.00002356
2.03917000	0.00002557
2.14148000	0.00002761
2.24322000	0.00002974
2.34470000	0.00003189
2.44786000	0.00003411
2.54976000	0.00003635
2.65139000	0.00003891
2.75320000	0.00004109
2.85533000	0.00004342
2.95598000	0.00004570
3.05822000	0.00004843
3.16113000	0.00005079
3.26349000	0.00005320
3.36564000	0.00005561
3.46681000	0.00005806
3.56885000	0.00006019
3.67188000	0.00006259
3.77457000	0.00006508
3.87609000	0.00006757
3.97832000	0.00007011
4.08034000	0.00007268
4.17958000	0.00007522
4.28232000	0.00007778
4.38672000	0.00008025
4.48846000	0.00008287
4.59036000	0.00008546
4.69199000	0.00008860
4.79471000	0.00009068
4.89394000	0.00009337
4.99880000	0.00009619
