0.00000000	0.00000052
0.10088900	0.00000066
0.20336900	0.00000094
0.30501300	0.00000135
0.40669800	0.00000189
0.50695800	0.00000252
0.60949100	0.00000326
0.71304500	0.00000407
0.81434500	0.00000501
0.91673400	0.00000599
1.01853000	0.00000708
1.12068000	0.00000822
1.22182000	0.00000937
1.32472000	0.00001060
1.42385000	0.00001186
1.53011000	0.00001323
1.63117000	0.00001460
1.73300000	0.00001603
1.83514000	0.00001751
1.93666000	0.00001907
2.03844000	0.00002074
2.14028000	0.00002238
2.24315000	0.00002386
2.34478000	0.00002552
2.44714000	0.00002730
2.54876000	0.00002909
2.65095000	0.00003093
2.75268000	0.00003275
2.85501000	0.00003467
2.95581000	0.00003659
3.05905000	0.00003853
3.16117000	0.00004053
3.26322000	0.00004261
3.36520000	0.00004473
3.46734000	0.00004683
3.56877000	0.00004882
3.67122000	0.00005098
3.77167000	0.00005329
3.87568000	0.00005555
3.97825000	0.00005774
4.08006000	0.00005984
4.18222000	0.00006215
4.28405000	0.00006451
4.38614000	0.00007165
4.48802000	0.00007280
4.58926000	0.00007547
4.69162000	0.00007815
4.79437000	0.00007999
4.89604000	0.00008370
4.99823000	0.00008358
