0.00000000	0.00000037
0.10203700	0.00000038
0.20341800	0.00000050
0.30443100	0.00000070
0.40644900	0.00000105
0.50970200	0.00000149
0.61117400	0.00000211
0.71341100	0.00000293
0.81465700	0.00000384
0.91707000	0.00000496
1.01501000	0.00000624
1.11704000	0.00000763
1.22271000	0.00000916
1.32601000	0.00001072
1.42755000	0.00001246
1.52982000	0.00001430
1.63154000	0.00001623
1.73346000	0.00001818
1.83599000	0.00002033
1.93661000	0.00002250
2.03564000	0.00002465
2.14135000	0.00002693
2.24311000	0.00002911
2.34500000	0.00003145
2.44750000	0.00003385
2.54972000	0.00003623
2.65172000	0.00003862
2.75348000	0.00004114
2.85531000	0.00004366
2.95693000	0.00004621
3.05950000	0.00004877
3.16153000	0.00005134
3.26366000	0.00005397
3.36493000	0.00005655
3.46708000	0.00005924
3.56936000	0.00006202
3.67146000	0.00006473
3.77475000	0.00006748
3.87515000	0.00007019
3.97737000	0.00007316
4.08024000	0.00007546
4.18276000	0.00007860
4.28424000	0.00008158
4.38568000	0.00008450
4.48745000	0.00008760
4.59107000	0.00009059
4.69222000	0.00009330
4.79474000	0.00009638
4.89540000	0.00009944
4.99752000	0.00010239
