-4.99602000	-0.00000129
-4.89698000	-0.00000122
-4.79527000	-0.00000122
-4.69456000	-0.00000125
-4.59251000	-0.00000127
-4.48954000	-0.00000126
-4.38742000	-0.00000126
-4.28562000	-0.00000131
-4.18377000	-0.00000133
-4.08201000	-0.00000135
-3.97936000	-0.00000121
-3.87772000	-0.00000128
-3.77537000	-0.00000130
-3.67257000	-0.00000119
-3.57087000	-0.00000126
-3.46929000	-0.00000136
-3.36659000	-0.00000127
-3.26399000	-0.00000131
-3.16292000	-0.00000138
-3.06032000	-0.00000132
-2.95862000	-0.00000132
-2.85885000	-0.00000123
-2.75457000	-0.00000125
-2.65222000	-0.00000138
-2.55019000	-0.00000128
-2.44898000	-0.00000124
-2.34629000	-0.00000128
-2.24506000	-0.00000127
-2.14250000	-0.00000119
-2.04068000	-0.00000126
-1.93856000	-0.00000128
-1.83703000	-0.00000130
-1.73491000	-0.00000125
-1.63650000	-0.00000133
-1.53152000	-0.00000122
-1.42831000	-0.00000126
-1.32654000	-0.00000127
-1.22352000	-0.00000131
-1.12210000	-0.00000136
-1.01966000	-0.00000135
-0.91790800	-0.00000134
-0.81589300	-0.00000127
-0.71384000	-0.00000132
-0.61234600	-0.00000135
-0.51051300	-0.00000123
-0.41114500	-0.00000123
-0.30629600	-0.00000135
-0.20406700	-0.00000138
-0.10244800	-0.00000134
-0.00934696	-0.00000130
