-4.99462000	-0.00004600
-4.89611000	-0.00003924
-4.79483000	-0.00003200
-4.69300000	-0.00003090
-4.59151000	-0.00002750
-4.48930000	-0.00002089
-4.38854000	-0.00001805
-4.28507000	-0.00001527
-4.18299000	-0.00001448
-4.08132000	-0.00001267
-3.97865000	-0.00001053
-3.87740000	-0.00000976
-3.77526000	-0.00000830
-3.67237000	-0.00000588
-3.57118000	-0.00000587
-3.46840000	-0.00000505
-3.36595000	-0.00000455
-3.26417000	-0.00000369
-3.16233000	-0.00000316
-3.05993000	-0.00000297
-2.95810000	-0.00000267
-2.85583000	-0.00000260
-2.75495000	-0.00000255
-2.65240000	-0.00000237
-2.55231000	-0.00000228
-2.44774000	-0.00000200
-2.34611000	-0.00000186
-2.24404000	-0.00000149
-2.14192000	-0.00000142
-2.03975000	-0.00000119
-1.93791000	-0.00000109
-1.83640000	-0.00000095
-1.73537000	-0.00000085
-1.63270000	-0.00000080
-1.52999000	-0.00000074
-1.42803000	-0.00000061
-1.32577000	-0.00000051
-1.22296000	-0.00000043
-1.12130000	-0.00000036
-1.01965000	-0.00000027
-0.91718800	-0.00000021
-0.81952900	-0.00000012
-0.71393000	-0.00000008
-0.61146300	-0.00000000
-0.51000400	-0.00000010
-0.40985000	-0.00000017
-0.30813800	-0.00000026
-0.20374300	-0.00000030
-0.10224700	-0.00000036
-0.01016710	-0.00000044
