-4.99345000	-0.00000217
-4.89685000	-0.00000148
-4.79545000	-0.00000110
-4.69355000	-0.00000086
-4.59140000	-0.00000074
-4.48969000	-0.00000064
-4.38772000	-0.00000057
-4.28551000	-0.00000048
-4.18692000	-0.00000043
-4.08496000	-0.00000041
-3.97895000	-0.00000036
-3.87752000	-0.00000033
-3.77498000	-0.00000029
-3.67413000	-0.00000027
-3.57196000	-0.00000024
-3.46824000	-0.00000022
-3.36666000	-0.00000021
-3.26422000	-0.00000016
-3.16421000	-0.00000017
-3.06166000	-0.00000016
-2.95822000	-0.00000012
-2.85626000	-0.00000010
-2.75442000	-0.00000007
-2.65300000	-0.00000001
-2.55152000	-0.00000004
-2.44817000	-0.00000001
-2.34606000	-0.00000003
-2.24481000	-0.00000004
-2.14311000	-0.00000007
-2.04080000	-0.00000008
-1.93789000	-0.00000011
-1.83634000	-0.00000008
-1.73427000	-0.00000010
-1.63263000	-0.00000012
-1.53019000	-0.00000014
-1.42879000	-0.00000017
-1.32592000	-0.00000017
-1.22367000	-0.00000018
-1.12240000	-0.00000018
-1.02000000	-0.00000019
-0.91801500	-0.00000019
-0.81539900	-0.00000020
-0.71400200	-0.00000025
-0.61191500	-0.00000025
-0.51019300	-0.00000026
-0.41062600	-0.00000027
-0.30650800	-0.00000027
-0.20432100	-0.00000029
-0.10205500	-0.00000030
-0.00972176	-0.00000031
