-2.99549000	-0.00000586
-2.89642000	-0.00000513
-2.79145000	-0.00000438
-2.68903000	-0.00000384
-2.58439000	-0.00000342
-2.48130000	-0.00000297
-2.37759000	-0.00000268
-2.27488000	-0.00000237
-2.17027000	-0.00000209
-2.06961000	-0.00000188
-1.96508000	-0.00000165
-1.86021000	-0.00000147
-1.75758000	-0.00000128
-1.65386000	-0.00000118
-1.55129000	-0.00000099
-1.44656000	-0.00000083
-1.34409000	-0.00000072
-1.24050000	-0.00000060
-1.14064000	-0.00000050
-1.03400000	-0.00000040
-0.93061300	-0.00000031
-0.83194400	-0.00000021
-0.72364100	-0.00000014
-0.62077600	-0.00000004
-0.51656200	-0.00000008
-0.41463900	-0.00000014
-0.30978800	-0.00000023
-0.20735000	-0.00000030
-0.10306400	-0.00000040
-0.01491170	-0.00000048
