-4.99669000	-0.00001538
-4.89737000	-0.00001577
-4.79506000	-0.00001539
-4.69766000	-0.00001112
-4.59134000	-0.00000899
-4.48944000	-0.00000795
-4.38731000	-0.00000653
-4.28570000	-0.00000560
-4.18334000	-0.00000494
-4.08227000	-0.00000457
-3.97925000	-0.00000400
-3.87980000	-0.00000370
-3.77515000	-0.00000330
-3.67236000	-0.00000287
-3.57058000	-0.00000260
-3.46832000	-0.00000226
-3.36646000	-0.00000199
-3.26489000	-0.00000181
-3.16280000	-0.00000154
-3.06302000	-0.00000111
-2.95841000	-0.00000109
-2.85602000	-0.00000094
-2.75417000	-0.00000083
-2.65176000	-0.00000073
-2.55033000	-0.00000062
-2.44874000	-0.00000039
-2.34656000	-0.00000035
-2.24746000	-0.00000030
-2.14368000	-0.00000019
-2.04054000	-0.00000020
-1.93820000	-0.00000014
-1.83632000	-0.00000006
-1.73401000	-0.00000007
-1.63269000	-0.00000004
-1.53088000	-0.00000004
-1.42849000	-0.00000007
-1.32899000	-0.00000015
-1.22343000	-0.00000020
-1.12155000	-0.00000021
-1.01960000	-0.00000020
-0.91803200	-0.00000023
-0.81587200	-0.00000021
-0.71521500	-0.00000026
-0.61198800	-0.00000021
-0.51452700	-0.00000021
-0.40784300	-0.00000027
-0.30630700	-0.00000027
-0.20382000	-0.00000027
-0.10275700	-0.00000032
-0.01040550	-0.00000029
