-4.99674000	-0.00000126
-4.89689000	-0.00000121
-4.79545000	-0.00000130
-4.69399000	-0.00000122
-4.59132000	-0.00000087
-4.48986000	-0.00000127
-4.38733000	-0.00000120
-4.28596000	-0.00000129
-4.18339000	-0.00000131
-4.08454000	-0.00000134
-3.98195000	-0.00000138
-3.87729000	-0.00000140
-3.77535000	-0.00000134
-3.67265000	-0.00000134
-3.57263000	-0.00000135
-3.47050000	-0.00000146
-3.36666000	-0.00000135
-3.26421000	-0.00000135
-3.16276000	-0.00000136
-3.06133000	-0.00000130
-2.95979000	-0.00000143
-2.85632000	-0.00000133
-2.75566000	-0.00000120
-2.65304000	-0.00000114
-2.54992000	-0.00000110
-2.44796000	-0.00000120
-2.34802000	-0.00000122
-2.24389000	-0.00000117
-2.14272000	-0.00000091
-2.04079000	-0.00000123
-1.93815000	-0.00000113
-1.83770000	-0.00000115
-1.73438000	-0.00000108
-1.63210000	-0.00000108
-1.53022000	-0.00000114
-1.42845000	-0.00000116
-1.32619000	-0.00000132
-1.22505000	-0.00000128
-1.12289000	-0.00000126
-1.01960000	-0.00000126
-0.91823000	-0.00000124
-0.81574100	-0.00000118
-0.71430300	-0.00000121
-0.61193400	-0.00000132
-0.51059400	-0.00000119
-0.40866100	-0.00000123
-0.30640100	-0.00000128
-0.20422300	-0.00000131
-0.10239300	-0.00000129
-0.01216220	-0.00000128
