-4.99532000	-0.00000024
-4.89674000	-0.00000023
-4.79548000	-0.00000020
-4.69378000	-0.00000021
-4.59143000	-0.00000021
-4.48994000	-0.00000018
-4.38950000	-0.00000022
-4.28565000	-0.00000020
-4.18351000	-0.00000020
-4.08183000	-0.00000023
-3.97936000	-0.00000025
-3.87877000	-0.00000025
-3.77533000	-0.00000024
-3.67226000	-0.00000025
-3.57062000	-0.00000024
-3.46830000	-0.00000027
-3.36704000	-0.00000027
-3.26893000	-0.00000026
-3.16518000	-0.00000025
-3.06013000	-0.00000026
-2.95825000	-0.00000026
-2.85639000	-0.00000026
-2.75540000	-0.00000026
-2.65248000	-0.00000025
-2.55012000	-0.00000027
-2.44817000	-0.00000027
-2.34674000	-0.00000032
-2.24463000	-0.00000030
-2.14256000	-0.00000031
-2.04166000	-0.00000031
-1.93823000	-0.00000029
-1.83694000	-0.00000030
-1.73436000	-0.00000032
-1.63266000	-0.00000032
-1.53087000	-0.00000033
-1.42907000	-0.00000034
-1.32678000	-0.00000032
-1.22382000	-0.00000032
-1.12216000	-0.00000034
-1.01975000	-0.00000034
-0.92119400	-0.00000036
-0.81693400	-0.00000034
-0.71395300	-0.00000035
-0.61206800	-0.00000035
-0.51056800	-0.00000035
-0.40805000	-0.00000035
-0.30668400	-0.00000032
-0.20733100	-0.00000032
-0.10281700	-0.00000034
-0.00558376	-0.00000034
