-4.99736000	-0.00000024
-4.89678000	-0.00000024
-4.79525000	-0.00000024
-4.69376000	-0.00000075
-4.59313000	-0.00000096
-4.49083000	-0.00000080
-4.38718000	-0.00000083
-4.28547000	-0.00000110
-4.18331000	-0.00000104
-4.08268000	-0.00000100
-3.98063000	-0.00000101
-3.87753000	-0.00000107
-3.77523000	-0.00000104
-3.67257000	-0.00000106
-3.57135000	-0.00000105
-3.46891000	-0.00000114
-3.36671000	-0.00000103
-3.26409000	-0.00000112
-3.16247000	-0.00000111
-3.06136000	-0.00000110
-2.95947000	-0.00000104
-2.85612000	-0.00000111
-2.75439000	-0.00000108
-2.65218000	-0.00000108
-2.55064000	-0.00000109
-2.44878000	-0.00000111
-2.34629000	-0.00000108
-2.24462000	-0.00000109
-2.14221000	-0.00000113
-2.04062000	-0.00000110
-1.93867000	-0.00000095
-1.83695000	-0.00000101
-1.73426000	-0.00000100
-1.63279000	-0.00000103
-1.53028000	-0.00000105
-1.42903000	-0.00000103
-1.32849000	-0.00000107
-1.22489000	-0.00000106
-1.12213000	-0.00000106
-1.02017000	-0.00000103
-0.91838900	-0.00000106
-0.81669900	-0.00000107
-0.71473600	-0.00000111
-0.61230000	-0.00000114
-0.50995000	-0.00000110
-0.40787400	-0.00000114
-0.30710400	-0.00000112
-0.20434400	-0.00000116
-0.10232800	-0.00000115
-0.00806808	-0.00000111
