-4.99474000	-0.00000338
-4.89655000	-0.00000287
-4.79506000	-0.00000218
-4.69534000	-0.00000202
-4.59317000	-0.00000194
-4.48936000	-0.00000196
-4.38696000	-0.00000166
-4.28534000	-0.00000189
-4.18472000	-0.00000178
-4.08281000	-0.00000172
-3.97917000	-0.00000159
-3.87734000	-0.00000154
-3.77502000	-0.00000149
-3.67300000	-0.00000135
-3.57118000	-0.00000116
-3.46825000	-0.00000122
-3.36660000	-0.00000128
-3.26398000	-0.00000117
-3.16275000	-0.00000113
-3.06016000	-0.00000103
-2.95843000	-0.00000109
-2.85569000	-0.00000106
-2.75398000	-0.00000099
-2.65248000	-0.00000094
-2.55037000	-0.00000091
-2.44776000	-0.00000089
-2.34626000	-0.00000088
-2.24415000	-0.00000079
-2.14264000	-0.00000073
-2.03991000	-0.00000064
-1.94192000	-0.00000063
-1.83634000	-0.00000059
-1.73409000	-0.00000050
-1.63219000	-0.00000051
-1.53046000	-0.00000046
-1.42992000	-0.00000038
-1.32605000	-0.00000035
-1.22346000	-0.00000030
-1.12155000	-0.00000032
-1.01940000	-0.00000023
-0.91859200	-0.00000015
-0.81538400	-0.00000011
-0.71394300	-0.00000006
-0.61178700	-0.00000002
-0.50976800	-0.00000005
-0.40833000	-0.00000011
-0.30616700	-0.00000015
-0.20376000	-0.00000020
-0.10234700	-0.00000027
-0.00740623	-0.00000034
