-4.99725000	-0.00000008
-4.89689000	-0.00000007
-4.79792000	-0.00000008
-4.69348000	-0.00000007
-4.59170000	-0.00000007
-4.48970000	-0.00000005
-4.38793000	-0.00000009
-4.28592000	-0.00000009
-4.18352000	-0.00000008
-4.08174000	-0.00000009
-3.97932000	-0.00000012
-3.87736000	-0.00000012
-3.77538000	-0.00000012
-3.67243000	-0.00000015
-3.57102000	-0.00000015
-3.46858000	-0.00000016
-3.36988000	-0.00000012
-3.26813000	-0.00000016
-3.16238000	-0.00000016
-3.06056000	-0.00000019
-2.95864000	-0.00000018
-2.85891000	-0.00000019
-2.75675000	-0.00000019
-2.65189000	-0.00000020
-2.55026000	-0.00000019
-2.44805000	-0.00000022
-2.34690000	-0.00000022
-2.24587000	-0.00000023
-2.14248000	-0.00000022
-2.04052000	-0.00000024
-1.93835000	-0.00000023
-1.83712000	-0.00000026
-1.73437000	-0.00000026
-1.63269000	-0.00000027
-1.53071000	-0.00000026
-1.42876000	-0.00000027
-1.32692000	-0.00000027
-1.22420000	-0.00000027
-1.12455000	-0.00000027
-1.01944000	-0.00000029
-0.91820300	-0.00000029
-0.81593000	-0.00000031
-0.71411600	-0.00000028
-0.61353300	-0.00000030
-0.51027000	-0.00000029
-0.40825500	-0.00000030
-0.30642200	-0.00000031
-0.20376000	-0.00000029
-0.10257300	-0.00000029
-0.00466061	-0.00000030
