-4.99777000	-0.00000029
-4.89709000	-0.00000027
-4.79801000	-0.00000024
-4.69612000	-0.00000023
-4.59139000	-0.00000022
-4.48969000	-0.00000022
-4.38761000	-0.00000024
-4.28729000	-0.00000023
-4.18453000	-0.00000022
-4.08142000	-0.00000020
-3.97982000	-0.00000023
-3.87795000	-0.00000021
-3.77564000	-0.00000020
-3.67333000	-0.00000023
-3.57065000	-0.00000022
-3.46818000	-0.00000018
-3.36689000	-0.00000019
-3.26487000	-0.00000018
-3.16265000	-0.00000018
-3.06027000	-0.00000017
-2.95853000	-0.00000019
-2.85576000	-0.00000018
-2.75483000	-0.00000021
-2.65229000	-0.00000022
-2.55319000	-0.00000018
-2.44789000	-0.00000022
-2.34636000	-0.00000019
-2.24471000	-0.00000020
-2.14271000	-0.00000019
-2.04298000	-0.00000020
-1.93794000	-0.00000018
-1.83645000	-0.00000020
-1.73387000	-0.00000019
-1.63282000	-0.00000023
-1.53350000	-0.00000020
-1.42877000	-0.00000021
-1.32636000	-0.00000020
-1.22368000	-0.00000024
-1.12230000	-0.00000024
-1.02185000	-0.00000021
-0.91773600	-0.00000022
-0.81592500	-0.00000019
-0.71431400	-0.00000023
-0.61221000	-0.00000022
-0.51097100	-0.00000022
-0.40797000	-0.00000023
-0.30666400	-0.00000022
-0.20412300	-0.00000018
-0.10231600	-0.00000022
-0.01428600	-0.00000021
