-30.00000000000000000000	0.00000048999600000000
-29.39999999999999860000	0.00000049872700000000
-28.80000000000000070000	0.00000047829600000000
-28.19999999999999930000	0.00000049936700000000
-27.60000000000000140000	0.00000050448900000000
-27.00000000000000000000	0.00000052981000000000
-26.39999999999999860000	0.00000048772600000000
-25.80000000000000070000	0.00000050338300000000
-25.19999999999999930000	0.00000058452500000000
-24.60000000000000140000	0.00000055035700000000
-24.00000000000000000000	0.00000051432700000000
-23.39999999999999860000	0.00000052596800000000
-22.80000000000000070000	0.00000053772600000000
-22.19999999999999930000	0.00000051840100000000
-21.60000000000000140000	0.00000051293000000000
-21.00000000000000000000	0.00000049738800000000
-20.39999999999999860000	0.00000044243800000000
-19.80000000000000070000	0.00000046292700000000
-19.20000000000000280000	0.00000055582900000000
-18.60000000000000140000	0.00000050996100000000
-18.00000000000000000000	0.00000050373300000000
-17.39999999999999860000	0.00000054971700000000
-16.80000000000000070000	0.00000054727200000000
-16.20000000000000280000	0.00000054139300000000
-15.60000000000000140000	0.00000055163800000000
-15.00000000000000000000	0.00000053755100000000
-14.40000000000000030000	0.00000055256900000000
-13.80000000000000070000	0.00000056875100000000
-13.19999999999999930000	0.00000058574700000000
-12.60000000000000140000	0.00000052806400000000
-12.00000000000000000000	0.00000049930900000000
-11.40000000000000210000	0.00000049785400000000
-10.80000000000000070000	0.00000048237100000000
-10.19999999999999930000	0.00000052247600000000
-9.60000000000000142000	0.00000050571200000000
-9.00000000000000000000	0.00000046642000000000
-8.40000000000000213000	0.00000046560500000000
-7.80000000000000071000	0.00000050658500000000
-7.19999999999999929000	0.00000049657300000000
-6.60000000000000142000	0.00000047672300000000
-6.00000000000000000000	0.00000050233600000000
-5.40000000000000213000	0.00000052579300000000
-4.80000000000000071000	0.00000056188200000000
-4.19999999999999929000	0.00000054116000000000
-3.60000000000000142000	0.00000050251000000000
-3.00000000000000000000	0.00000053563100000000
-2.40000000000000213000	0.00000055361700000000
-1.80000000000000071000	0.00000054180100000000
-1.20000000000000284000	0.00000051816800000000
-0.60000000000000142100	0.00000052899500000000
0.00000000000000000000	0.00000052445500000000
0.59999999999999786800	0.00000049127600000000
1.19999999999999929000	0.00000051729500000000
1.79999999999999716000	0.00000049552500000000
2.39999999999999858000	0.00000056671300000000
3.00000000000000000000	0.00000054319800000000
3.60000000000000142000	0.00000054436200000000
4.19999999999999573000	0.00000052829600000000
4.79999999999999716000	0.00000052765600000000
5.39999999999999858000	0.00000050460600000000
6.00000000000000000000	0.00000048842400000000
6.60000000000000142000	0.00000050606100000000
7.19999999999999573000	0.00000048958800000000
7.79999999999999715000	0.00000043696700000000
8.39999999999999858000	0.00000048749300000000
9.00000000000000000000	0.00000050256900000000
9.60000000000000142000	0.00000048301100000000
10.19999999999999570000	0.00000048953000000000
10.79999999999999720000	0.00000047806300000000
11.39999999999999860000	0.00000047497600000000
12.00000000000000000000	0.00000049471100000000
12.60000000000000140000	0.00000052416400000000
13.19999999999999570000	0.00000052730700000000
13.79999999999999710000	0.00000052788900000000
14.39999999999999860000	0.00000052940200000000
15.00000000000000000000	0.00000054203300000000
15.60000000000000140000	0.00000053242900000000
16.19999999999999570000	0.00000053266200000000
16.79999999999999710000	0.00000052823800000000
17.39999999999999860000	0.00000057171900000000
18.00000000000000000000	0.00000057049700000000
18.60000000000000140000	0.00000051799400000000
19.19999999999999570000	0.00000046921400000000
19.79999999999999710000	0.00000053365100000000
20.39999999999999860000	0.00000051432700000000
21.00000000000000000000	0.00000049802800000000
21.60000000000000140000	0.00000045716500000000
22.19999999999999570000	0.00000053557200000000
22.79999999999999710000	0.00000054465300000000
23.39999999999999860000	0.00000053376800000000
24.00000000000000000000	0.00000053563100000000
24.60000000000000140000	0.00000052986800000000
25.19999999999999570000	0.00000051595600000000
25.79999999999999710000	0.00000051228900000000
26.39999999999999860000	0.00000045710700000000
27.00000000000000000000	0.00000047986800000000
27.59999999999999430000	0.00000048953000000000
28.19999999999999570000	0.00000050163700000000
28.79999999999999710000	0.00000051269700000000
29.39999999999999860000	0.00000053929800000000
30.00000000000000000000	0.00000052806400000000
