-40.00000000000000000000	0.00040909799999999999
-39.20000000000000280000	0.00041193000000000002
-38.39999999999999860000	0.00041294299999999998
-37.60000000000000140000	0.00041091599999999999
-36.79999999999999710000	0.00041246600000000000
-36.00000000000000000000	0.00040906900000000002
-35.20000000000000280000	0.00040313799999999999
-34.39999999999999860000	0.00040033600000000000
-33.60000000000000140000	0.00040072399999999998
-32.79999999999999710000	0.00040367400000000003
-32.00000000000000000000	0.00040143900000000002
-31.19999999999999930000	0.00039872699999999998
-30.39999999999999860000	0.00039899500000000002
-29.60000000000000140000	0.00040599899999999999
-28.79999999999999710000	0.00041005200000000000
-28.00000000000000000000	0.00040754900000000000
-27.19999999999999930000	0.00040039600000000002
-26.39999999999999860000	0.00039497200000000000
-25.60000000000000140000	0.00039503200000000002
-24.79999999999999710000	0.00039771400000000002
-24.00000000000000000000	0.00040581999999999999
-23.19999999999999930000	0.00041189999999999998
-22.39999999999999860000	0.00041273400000000000
-21.59999999999999790000	0.00041234699999999997
-20.79999999999999710000	0.00041103500000000002
-20.00000000000000000000	0.00040349599999999999
-19.19999999999999930000	0.00039807100000000000
-18.39999999999999860000	0.00039622399999999998
-17.59999999999999790000	0.00039503200000000002
-16.79999999999999710000	0.00039708799999999998
-16.00000000000000000000	0.00039705799999999999
-15.19999999999999930000	0.00039458499999999998
-14.39999999999999860000	0.00039610500000000000
-13.59999999999999790000	0.00039777299999999997
-12.79999999999999710000	0.00039911500000000002
-12.00000000000000000000	0.00040057500000000002
-11.19999999999999930000	0.00040123099999999999
-10.39999999999999860000	0.00039685000000000002
-9.59999999999999786000	0.00039187299999999999
-8.79999999999999715000	0.00039184300000000001
-8.00000000000000000000	0.00039261800000000001
-7.19999999999999573000	0.00039205099999999998
-6.39999999999999858000	0.00039622399999999998
-5.60000000000000142000	0.00040224400000000001
-4.79999999999999716000	0.00039807100000000000
-4.00000000000000000000	0.00039407800000000002
-3.19999999999999574000	0.00039342199999999999
-2.39999999999999858000	0.00039255799999999999
-1.59999999999999431000	0.00039181300000000002
-0.79999999999999715800	0.00039425700000000002
0.00000000000000000000	0.00039652200000000001
0.80000000000000426300	0.00039771400000000002
1.60000000000000142000	0.00040078299999999999
2.40000000000000568000	0.00040164800000000000
3.20000000000000284000	0.00040060500000000000
4.00000000000000000000	0.00040233300000000000
4.80000000000000426000	0.00040185600000000002
5.60000000000000142000	0.00039804199999999998
6.40000000000000568000	0.00039670100000000001
7.20000000000000284000	0.00039777299999999997
8.00000000000000000000	0.00039851900000000001
8.80000000000000426000	0.00040188600000000001
9.60000000000000142000	0.00040242300000000001
10.40000000000000570000	0.00040057500000000002
11.20000000000000280000	0.00039774400000000001
12.00000000000000000000	0.00039419699999999999
12.80000000000000430000	0.00039664099999999999
13.60000000000000140000	0.00040480699999999998
14.40000000000000570000	0.00040215400000000000
15.20000000000000280000	0.00040176699999999998
16.00000000000000000000	0.00040400199999999999
16.80000000000000430000	0.00040430000000000002
17.60000000000000140000	0.00040382299999999999
18.40000000000000570000	0.00040123099999999999
19.20000000000000280000	0.00039968099999999998
20.00000000000000000000	0.00039702800000000001
20.80000000000000420000	0.00039622399999999998
21.60000000000000140000	0.00039834000000000001
22.40000000000000570000	0.00039997900000000001
23.20000000000000280000	0.00040033600000000000
24.00000000000000000000	0.00039935300000000002
24.79999999999999710000	0.00040069400000000000
25.60000000000000850000	0.00040120100000000001
26.40000000000000570000	0.00039976999999999998
27.20000000000000280000	0.00039953200000000002
28.00000000000000000000	0.00040426999999999998
28.79999999999999710000	0.00040593900000000002
29.60000000000000850000	0.00040608799999999998
30.40000000000000570000	0.00040230300000000001
31.20000000000000280000	0.00039839900000000002
32.00000000000000000000	0.00039827999999999999
32.79999999999999710000	0.00039628299999999999
33.60000000000000850000	0.00039586599999999998
34.40000000000000570000	0.00039550799999999998
35.20000000000000280000	0.00039568699999999998
36.00000000000000000000	0.00039679000000000000
36.80000000000001130000	0.00039804199999999998
37.60000000000000850000	0.00039822000000000002
38.40000000000000570000	0.00040331699999999999
39.20000000000000280000	0.00040450900000000000
40.00000000000000000000	0.00040161800000000002
