-40.00000000000000000000	0.00000489227000000000
-39.89999999999999860000	0.00000490298000000000
-39.79999999999999710000	0.00000488901000000000
-39.70000000000000280000	0.00000489366000000000
-39.60000000000000140000	0.00000490437000000000
-39.50000000000000000000	0.00000488901000000000
-39.39999999999999860000	0.00000489599000000000
-39.29999999999999710000	0.00000492579000000000
-39.20000000000000280000	0.00000491136000000000
-39.10000000000000140000	0.00000489692000000000
-39.00000000000000000000	0.00000489040000000000
-38.89999999999999860000	0.00000486433000000000
-38.79999999999999710000	0.00000485781000000000
-38.70000000000000280000	0.00000485175000000000
-38.60000000000000140000	0.00000486293000000000
-38.50000000000000000000	0.00000484756000000000
-38.39999999999999860000	0.00000484337000000000
-38.29999999999999710000	0.00000487038000000000
-38.20000000000000280000	0.00000490531000000000
-38.10000000000000140000	0.00000489599000000000
-38.00000000000000000000	0.00000490577000000000
-37.89999999999999860000	0.00000491089000000000
-37.79999999999999710000	0.00000488668000000000
-37.70000000000000280000	0.00000487178000000000
-37.60000000000000140000	0.00000488109000000000
-37.50000000000000000000	0.00000490205000000000
-37.39999999999999860000	0.00000489972000000000
-37.29999999999999710000	0.00000489972000000000
-37.20000000000000280000	0.00000491974000000000
-37.10000000000000140000	0.00000490670000000000
-37.00000000000000000000	0.00000488063000000000
-36.89999999999999860000	0.00000486340000000000
-36.79999999999999710000	0.00000484803000000000
-36.70000000000000280000	0.00000485269000000000
-36.60000000000000140000	0.00000490670000000000
-36.50000000000000000000	0.00000489180000000000
-36.39999999999999860000	0.00000487643000000000
-36.29999999999999710000	0.00000489227000000000
-36.20000000000000280000	0.00000488482000000000
-36.10000000000000140000	0.00000488668000000000
-36.00000000000000000000	0.00000492207000000000
-35.89999999999999860000	0.00000491788000000000
-35.79999999999999710000	0.00000490810000000000
-35.70000000000000280000	0.00000490205000000000
-35.60000000000000140000	0.00000491415000000000
-35.50000000000000000000	0.00000490437000000000
-35.39999999999999860000	0.00000489646000000000
-35.29999999999999710000	0.00000489320000000000
-35.20000000000000280000	0.00000493744000000000
-35.10000000000000140000	0.00000494815000000000
-35.00000000000000000000	0.00000491322000000000
-34.89999999999999860000	0.00000490996000000000
-34.79999999999999710000	0.00000489320000000000
-34.70000000000000280000	0.00000490763000000000
-34.60000000000000140000	0.00000491741000000000
-34.50000000000000000000	0.00000492207000000000
-34.39999999999999860000	0.00000492766000000000
-34.29999999999999710000	0.00000494768000000000
-34.20000000000000280000	0.00000493837000000000
-34.10000000000000140000	0.00000492533000000000
-34.00000000000000000000	0.00000490437000000000
-33.89999999999999860000	0.00000489692000000000
-33.79999999999999710000	0.00000490111000000000
-33.70000000000000280000	0.00000488901000000000
-33.60000000000000140000	0.00000486666000000000
-33.50000000000000000000	0.00000489739000000000
-33.39999999999999860000	0.00000490065000000000
-33.29999999999999710000	0.00000491927000000000
-33.20000000000000280000	0.00000490531000000000
-33.10000000000000140000	0.00000486479000000000
-33.00000000000000000000	0.00000486991000000000
-32.89999999999999860000	0.00000490111000000000
-32.79999999999999710000	0.00000492300000000000
-32.70000000000000280000	0.00000490298000000000
-32.60000000000000140000	0.00000492952000000000
-32.50000000000000000000	0.00000495094000000000
-32.39999999999999860000	0.00000491136000000000
-32.29999999999999710000	0.00000485408000000000
-32.20000000000000280000	0.00000487969000000000
-32.10000000000000140000	0.00000489972000000000
-32.00000000000000000000	0.00000490577000000000
-31.89999999999999860000	0.00000491695000000000
-31.79999999999999710000	0.00000490856000000000
-31.69999999999999930000	0.00000488528000000000
-31.60000000000000140000	0.00000490531000000000
-31.50000000000000000000	0.00000490856000000000
-31.39999999999999860000	0.00000490298000000000
-31.29999999999999710000	0.00000490484000000000
-31.19999999999999930000	0.00000490763000000000
-31.10000000000000140000	0.00000488808000000000
-31.00000000000000000000	0.00000489832000000000
-30.89999999999999860000	0.00000494349000000000
-30.79999999999999710000	0.00000494768000000000
-30.69999999999999930000	0.00000490717000000000
-30.60000000000000140000	0.00000489599000000000
-30.50000000000000000000	0.00000490531000000000
-30.39999999999999860000	0.00000493185000000000
-30.29999999999999710000	0.00000492300000000000
-30.19999999999999930000	0.00000491602000000000
-30.10000000000000140000	0.00000490577000000000
-30.00000000000000000000	0.00000492440000000000
-29.89999999999999860000	0.00000495513000000000
-29.79999999999999710000	0.00000495234000000000
-29.69999999999999930000	0.00000492253000000000
-29.60000000000000140000	0.00000494768000000000
-29.50000000000000000000	0.00000493837000000000
-29.39999999999999860000	0.00000492067000000000
-29.29999999999999710000	0.00000489879000000000
-29.19999999999999930000	0.00000487411000000000
-29.10000000000000140000	0.00000489366000000000
-29.00000000000000000000	0.00000490018000000000
-28.89999999999999860000	0.00000488714000000000
-28.79999999999999710000	0.00000488342000000000
-28.69999999999999930000	0.00000490996000000000
-28.60000000000000140000	0.00000494489000000000
-28.50000000000000000000	0.00000496770000000000
-28.39999999999999860000	0.00000494209000000000
-28.29999999999999710000	0.00000491369000000000
-28.19999999999999930000	0.00000493837000000000
-28.10000000000000140000	0.00000494535000000000
-28.00000000000000000000	0.00000492207000000000
-27.89999999999999860000	0.00000494861000000000
-27.79999999999999710000	0.00000497003000000000
-27.69999999999999930000	0.00000495839000000000
-27.60000000000000140000	0.00000494256000000000
-27.50000000000000000000	0.00000495234000000000
-27.39999999999999860000	0.00000492999000000000
-27.29999999999999710000	0.00000491695000000000
-27.19999999999999930000	0.00000493464000000000
-27.10000000000000140000	0.00000493231000000000
-27.00000000000000000000	0.00000493231000000000
-26.89999999999999860000	0.00000495280000000000
-26.79999999999999710000	0.00000495839000000000
-26.69999999999999930000	0.00000496072000000000
-26.60000000000000140000	0.00000494721000000000
-26.50000000000000000000	0.00000490763000000000
-26.39999999999999860000	0.00000490717000000000
-26.29999999999999710000	0.00000488575000000000
-26.19999999999999930000	0.00000490205000000000
-26.10000000000000140000	0.00000491834000000000
-26.00000000000000000000	0.00000494535000000000
-25.89999999999999860000	0.00000493231000000000
-25.79999999999999710000	0.00000497981000000000
-25.69999999999999930000	0.00000496770000000000
-25.60000000000000140000	0.00000492719000000000
-25.50000000000000000000	0.00000490251000000000
-25.39999999999999860000	0.00000488575000000000
-25.29999999999999710000	0.00000492766000000000
-25.19999999999999930000	0.00000494861000000000
-25.10000000000000140000	0.00000493418000000000
-25.00000000000000000000	0.00000492486000000000
-24.89999999999999860000	0.00000494070000000000
-24.79999999999999710000	0.00000493976000000000
-24.69999999999999930000	0.00000493976000000000
-24.60000000000000140000	0.00000494302000000000
-24.50000000000000000000	0.00000491369000000000
-24.39999999999999860000	0.00000491276000000000
-24.29999999999999710000	0.00000491043000000000
-24.19999999999999930000	0.00000489413000000000
-24.10000000000000140000	0.00000491974000000000
-24.00000000000000000000	0.00000493324000000000
-23.89999999999999860000	0.00000491322000000000
-23.80000000000000070000	0.00000490810000000000
-23.69999999999999930000	0.00000490158000000000
-23.59999999999999790000	0.00000488854000000000
-23.50000000000000000000	0.00000491508000000000
-23.39999999999999860000	0.00000494116000000000
-23.30000000000000070000	0.00000496864000000000
-23.19999999999999930000	0.00000494535000000000
-23.09999999999999790000	0.00000498866000000000
-23.00000000000000000000	0.00000499332000000000
-22.89999999999999860000	0.00000495653000000000
-22.80000000000000070000	0.00000497003000000000
-22.69999999999999930000	0.00000495979000000000
-22.59999999999999790000	0.00000492905000000000
-22.50000000000000000000	0.00000494768000000000
-22.39999999999999860000	0.00000493837000000000
-22.30000000000000070000	0.00000496072000000000
-22.19999999999999930000	0.00000497469000000000
-22.09999999999999790000	0.00000498074000000000
-22.00000000000000000000	0.00000497655000000000
-21.89999999999999860000	0.00000498307000000000
-21.80000000000000070000	0.00000495699000000000
-21.69999999999999930000	0.00000493883000000000
-21.59999999999999790000	0.00000495327000000000
-21.50000000000000000000	0.00000498074000000000
-21.39999999999999860000	0.00000497236000000000
-21.30000000000000070000	0.00000492300000000000
-21.19999999999999930000	0.00000491741000000000
-21.09999999999999790000	0.00000494582000000000
-21.00000000000000000000	0.00000495187000000000
-20.89999999999999860000	0.00000495094000000000
-20.79999999999999710000	0.00000495699000000000
-20.69999999999999930000	0.00000494116000000000
-20.59999999999999790000	0.00000494861000000000
-20.50000000000000000000	0.00000496444000000000
-20.39999999999999860000	0.00000497748000000000
-20.29999999999999710000	0.00000496072000000000
-20.19999999999999930000	0.00000495932000000000
-20.09999999999999790000	0.00000491043000000000
-20.00000000000000000000	0.00000492673000000000
-19.89999999999999860000	0.00000493976000000000
-19.79999999999999710000	0.00000491602000000000
-19.69999999999999930000	0.00000492812000000000
-19.59999999999999790000	0.00000493418000000000
-19.50000000000000000000	0.00000492067000000000
-19.39999999999999860000	0.00000493790000000000
-19.29999999999999710000	0.00000493045000000000
-19.19999999999999930000	0.00000494815000000000
-19.09999999999999790000	0.00000495001000000000
-19.00000000000000000000	0.00000495280000000000
-18.89999999999999860000	0.00000491974000000000
-18.79999999999999710000	0.00000492952000000000
-18.69999999999999930000	0.00000494070000000000
-18.59999999999999790000	0.00000496770000000000
-18.50000000000000000000	0.00000496305000000000
-18.39999999999999860000	0.00000492114000000000
-18.29999999999999710000	0.00000492300000000000
-18.19999999999999930000	0.00000495420000000000
-18.09999999999999790000	0.00000493511000000000
-18.00000000000000000000	0.00000492533000000000
-17.89999999999999860000	0.00000493604000000000
-17.79999999999999710000	0.00000489646000000000
-17.69999999999999930000	0.00000489925000000000
-17.59999999999999790000	0.00000493650000000000
-17.50000000000000000000	0.00000494070000000000
-17.39999999999999860000	0.00000495234000000000
-17.29999999999999710000	0.00000494023000000000
-17.19999999999999930000	0.00000494256000000000
-17.09999999999999790000	0.00000492673000000000
-17.00000000000000000000	0.00000491043000000000
-16.89999999999999860000	0.00000494302000000000
-16.79999999999999710000	0.00000493976000000000
-16.69999999999999930000	0.00000490577000000000
-16.59999999999999790000	0.00000491462000000000
-16.50000000000000000000	0.00000494395000000000
-16.39999999999999860000	0.00000496677000000000
-16.29999999999999710000	0.00000495373000000000
-16.19999999999999930000	0.00000491276000000000
-16.09999999999999790000	0.00000492859000000000
-16.00000000000000000000	0.00000490484000000000
-15.89999999999999860000	0.00000492486000000000
-15.79999999999999710000	0.00000494023000000000
-15.69999999999999930000	0.00000496212000000000
-15.59999999999999790000	0.00000494535000000000
-15.50000000000000000000	0.00000492440000000000
-15.39999999999999860000	0.00000491602000000000
-15.29999999999999710000	0.00000490484000000000
-15.19999999999999930000	0.00000493650000000000
-15.09999999999999790000	0.00000494442000000000
-15.00000000000000000000	0.00000496631000000000
-14.89999999999999860000	0.00000496398000000000
-14.79999999999999710000	0.00000495653000000000
-14.69999999999999930000	0.00000491043000000000
-14.59999999999999790000	0.00000491974000000000
-14.50000000000000000000	0.00000495886000000000
-14.39999999999999860000	0.00000495467000000000
-14.29999999999999710000	0.00000491043000000000
-14.19999999999999930000	0.00000491788000000000
-14.09999999999999790000	0.00000492999000000000
-14.00000000000000000000	0.00000492440000000000
-13.89999999999999860000	0.00000492719000000000
-13.79999999999999710000	0.00000494815000000000
-13.69999999999999930000	0.00000494395000000000
-13.59999999999999790000	0.00000494861000000000
-13.50000000000000000000	0.00000494349000000000
-13.39999999999999860000	0.00000491602000000000
-13.29999999999999710000	0.00000490996000000000
-13.19999999999999930000	0.00000494070000000000
-13.09999999999999790000	0.00000495001000000000
-13.00000000000000000000	0.00000491834000000000
-12.89999999999999860000	0.00000493231000000000
-12.79999999999999710000	0.00000493976000000000
-12.69999999999999930000	0.00000495187000000000
-12.59999999999999790000	0.00000493604000000000
-12.50000000000000000000	0.00000493231000000000
-12.39999999999999860000	0.00000493092000000000
-12.29999999999999710000	0.00000492905000000000
-12.19999999999999930000	0.00000492393000000000
-12.09999999999999790000	0.00000492207000000000
-12.00000000000000000000	0.00000491834000000000
-11.89999999999999860000	0.00000492999000000000
-11.79999999999999720000	0.00000491555000000000
-11.69999999999999930000	0.00000493092000000000
-11.59999999999999790000	0.00000494163000000000
-11.50000000000000000000	0.00000490717000000000
-11.39999999999999860000	0.00000491182000000000
-11.29999999999999720000	0.00000491322000000000
-11.19999999999999930000	0.00000491089000000000
-11.09999999999999790000	0.00000490484000000000
-11.00000000000000000000	0.00000490437000000000
-10.89999999999999860000	0.00000491974000000000
-10.79999999999999720000	0.00000492300000000000
-10.69999999999999930000	0.00000489506000000000
-10.59999999999999790000	0.00000495234000000000
-10.50000000000000000000	0.00000496491000000000
-10.39999999999999860000	0.00000495467000000000
-10.29999999999999720000	0.00000495373000000000
-10.19999999999999930000	0.00000496165000000000
-10.09999999999999790000	0.00000495280000000000
-10.00000000000000000000	0.00000493324000000000
-9.89999999999999857000	0.00000494489000000000
-9.79999999999999715000	0.00000494116000000000
-9.69999999999999928000	0.00000491834000000000
-9.59999999999999786000	0.00000497562000000000
-9.50000000000000000000	0.00000496118000000000
-9.39999999999999857000	0.00000496538000000000
-9.29999999999999715000	0.00000494209000000000
-9.19999999999999928000	0.00000492114000000000
-9.09999999999999786000	0.00000495560000000000
-9.00000000000000000000	0.00000499332000000000
-8.89999999999999858000	0.00000497422000000000
-8.79999999999999715000	0.00000496677000000000
-8.69999999999999929000	0.00000496212000000000
-8.59999999999999786000	0.00000491322000000000
-8.50000000000000000000	0.00000490111000000000
-8.39999999999999858000	0.00000495327000000000
-8.29999999999999715000	0.00000495373000000000
-8.19999999999999929000	0.00000495094000000000
-8.09999999999999786000	0.00000496025000000000
-8.00000000000000000000	0.00000497143000000000
-7.89999999999999858000	0.00000497515000000000
-7.79999999999999715000	0.00000494209000000000
-7.69999999999999573000	0.00000492440000000000
-7.60000000000000142000	0.00000492253000000000
-7.50000000000000000000	0.00000493324000000000
-7.39999999999999858000	0.00000493604000000000
-7.29999999999999715000	0.00000492207000000000
-7.19999999999999573000	0.00000493371000000000
-7.10000000000000142000	0.00000497236000000000
-7.00000000000000000000	0.00000495047000000000
-6.89999999999999858000	0.00000492579000000000
-6.79999999999999715000	0.00000492952000000000
-6.69999999999999573000	0.00000492486000000000
-6.60000000000000142000	0.00000487317000000000
-6.50000000000000000000	0.00000489692000000000
-6.39999999999999858000	0.00000494209000000000
-6.29999999999999716000	0.00000494023000000000
-6.19999999999999573000	0.00000493697000000000
-6.10000000000000142000	0.00000491974000000000
-6.00000000000000000000	0.00000492999000000000
-5.89999999999999858000	0.00000493418000000000
-5.79999999999999716000	0.00000489273000000000
-5.69999999999999573000	0.00000490437000000000
-5.60000000000000142000	0.00000493697000000000
-5.50000000000000000000	0.00000494768000000000
-5.39999999999999858000	0.00000492766000000000
-5.29999999999999716000	0.00000491788000000000
-5.19999999999999573000	0.00000490484000000000
-5.10000000000000142000	0.00000491741000000000
-5.00000000000000000000	0.00000492905000000000
-4.89999999999999858000	0.00000495792000000000
-4.79999999999999716000	0.00000492300000000000
-4.69999999999999573000	0.00000492766000000000
-4.60000000000000142000	0.00000493604000000000
-4.50000000000000000000	0.00000495606000000000
-4.39999999999999858000	0.00000493511000000000
-4.29999999999999716000	0.00000492999000000000
-4.19999999999999573000	0.00000495234000000000
-4.10000000000000142000	0.00000497655000000000
-4.00000000000000000000	0.00000496444000000000
-3.89999999999999858000	0.00000496538000000000
-3.79999999999999716000	0.00000491834000000000
-3.69999999999999574000	0.00000490670000000000
-3.60000000000000142000	0.00000491462000000000
-3.50000000000000000000	0.00000491322000000000
-3.39999999999999858000	0.00000494675000000000
-3.29999999999999716000	0.00000493511000000000
-3.19999999999999574000	0.00000491322000000000
-3.10000000000000142000	0.00000489739000000000
-3.00000000000000000000	0.00000492533000000000
-2.89999999999999858000	0.00000490344000000000
-2.79999999999999716000	0.00000492673000000000
-2.69999999999999574000	0.00000492719000000000
-2.60000000000000142000	0.00000489972000000000
-2.50000000000000000000	0.00000488901000000000
-2.39999999999999858000	0.00000489692000000000
-2.29999999999999716000	0.00000490531000000000
-2.19999999999999574000	0.00000492905000000000
-2.10000000000000142000	0.00000491602000000000
-2.00000000000000000000	0.00000492486000000000
-1.89999999999999858000	0.00000496072000000000
-1.79999999999999716000	0.00000495280000000000
-1.69999999999999574000	0.00000493464000000000
-1.59999999999999431000	0.00000494768000000000
-1.50000000000000000000	0.00000493371000000000
-1.39999999999999858000	0.00000493557000000000
-1.29999999999999716000	0.00000493371000000000
-1.19999999999999574000	0.00000494675000000000
-1.09999999999999432000	0.00000494535000000000
-1.00000000000000000000	0.00000492859000000000
-0.89999999999999857900	0.00000495513000000000
-0.79999999999999715800	0.00000494721000000000
-0.69999999999999573700	0.00000491788000000000
-0.59999999999999431600	0.00000493418000000000
-0.50000000000000000000	0.00000495187000000000
-0.39999999999999857900	0.00000493744000000000
-0.29999999999999715800	0.00000493883000000000
-0.19999999999999573700	0.00000490810000000000
-0.09999999999999431570	0.00000490018000000000
0.00000000000000000000	0.00000493511000000000
0.10000000000000142100	0.00000492160000000000
0.20000000000000284200	0.00000494768000000000
0.30000000000000426300	0.00000494768000000000
0.40000000000000568400	0.00000495839000000000
0.50000000000000000000	0.00000493697000000000
0.60000000000000142100	0.00000495467000000000
0.70000000000000284200	0.00000495373000000000
0.80000000000000426300	0.00000496491000000000
0.90000000000000568400	0.00000493231000000000
1.00000000000000000000	0.00000493650000000000
1.10000000000000142000	0.00000497562000000000
1.20000000000000284000	0.00000497236000000000
1.30000000000000426000	0.00000500868000000000
1.40000000000000568000	0.00000500449000000000
1.50000000000000000000	0.00000496584000000000
1.60000000000000142000	0.00000497515000000000
1.70000000000000284000	0.00000499099000000000
1.80000000000000426000	0.00000497515000000000
1.90000000000000568000	0.00000499332000000000
2.00000000000000000000	0.00000497003000000000
2.10000000000000142000	0.00000495932000000000
2.20000000000000284000	0.00000495420000000000
2.30000000000000426000	0.00000495373000000000
2.40000000000000568000	0.00000496444000000000
2.50000000000000000000	0.00000500868000000000
2.60000000000000142000	0.00000501334000000000
2.70000000000000284000	0.00000500216000000000
2.80000000000000426000	0.00000497236000000000
2.90000000000000568000	0.00000495001000000000
3.00000000000000000000	0.00000495234000000000
3.10000000000000142000	0.00000496770000000000
3.20000000000000284000	0.00000498866000000000
3.30000000000000426000	0.00000498819000000000
3.40000000000000568000	0.00000495560000000000
3.50000000000000000000	0.00000495606000000000
3.60000000000000142000	0.00000495373000000000
3.70000000000000284000	0.00000497515000000000
3.80000000000000426000	0.00000500542000000000
3.90000000000000568000	0.00000500449000000000
4.00000000000000000000	0.00000497935000000000
4.10000000000000142000	0.00000498586000000000
4.20000000000000284000	0.00000497609000000000
4.30000000000000426000	0.00000498167000000000
4.40000000000000568000	0.00000499611000000000
4.50000000000000000000	0.00000498633000000000
4.60000000000000142000	0.00000499006000000000
4.70000000000000284000	0.00000496864000000000
4.80000000000000426000	0.00000498028000000000
4.90000000000000568000	0.00000500123000000000
5.00000000000000000000	0.00000499937000000000
5.10000000000000142000	0.00000497935000000000
5.20000000000000284000	0.00000500030000000000
5.30000000000000426000	0.00000500263000000000
5.40000000000000568000	0.00000500216000000000
5.50000000000000000000	0.00000496910000000000
5.60000000000000142000	0.00000497935000000000
5.70000000000000284000	0.00000497515000000000
5.80000000000000426000	0.00000497655000000000
5.90000000000000568000	0.00000497609000000000
6.00000000000000000000	0.00000497609000000000
6.10000000000000142000	0.00000496258000000000
6.20000000000000284000	0.00000495327000000000
6.30000000000000426000	0.00000495932000000000
6.40000000000000568000	0.00000497143000000000
6.50000000000000000000	0.00000497841000000000
6.60000000000000142000	0.00000499425000000000
6.70000000000000284000	0.00000498307000000000
6.80000000000000426000	0.00000498586000000000
6.90000000000000568000	0.00000499471000000000
7.00000000000000000000	0.00000500030000000000
7.10000000000000142000	0.00000499471000000000
7.20000000000000284000	0.00000497283000000000
7.30000000000000426000	0.00000497702000000000
7.40000000000000568000	0.00000500356000000000
7.50000000000000000000	0.00000500822000000000
7.60000000000000142000	0.00000497515000000000
7.70000000000000284000	0.00000492160000000000
7.80000000000000426000	0.00000492533000000000
7.90000000000000568000	0.00000492859000000000
8.00000000000000000000	0.00000494768000000000
8.10000000000000142000	0.00000497748000000000
8.20000000000000284000	0.00000498680000000000
8.30000000000000426000	0.00000499564000000000
8.40000000000000568000	0.00000498121000000000
8.50000000000000000000	0.00000495420000000000
8.60000000000000142000	0.00000494628000000000
8.70000000000000284000	0.00000495373000000000
8.80000000000000426000	0.00000495234000000000
8.90000000000000568000	0.00000493837000000000
9.00000000000000000000	0.00000492905000000000
9.10000000000000142000	0.00000493464000000000
9.20000000000000284000	0.00000494768000000000
9.30000000000000426000	0.00000494023000000000
9.40000000000000568000	0.00000494489000000000
9.50000000000000000000	0.00000496910000000000
9.60000000000000142000	0.00000499238000000000
9.70000000000000284000	0.00000499751000000000
9.80000000000000426000	0.00000496398000000000
9.90000000000000568000	0.00000495839000000000
10.00000000000000000000	0.00000492952000000000
10.10000000000000140000	0.00000491369000000000
10.20000000000000280000	0.00000492207000000000
10.30000000000000430000	0.00000497609000000000
10.40000000000000570000	0.00000494070000000000
10.50000000000000000000	0.00000493976000000000
10.60000000000000140000	0.00000494442000000000
10.70000000000000280000	0.00000494209000000000
10.80000000000000430000	0.00000498307000000000
10.90000000000000570000	0.00000494768000000000
11.00000000000000000000	0.00000495560000000000
11.10000000000000140000	0.00000496957000000000
11.20000000000000280000	0.00000496864000000000
11.30000000000000430000	0.00000496351000000000
11.40000000000000570000	0.00000495327000000000
11.50000000000000000000	0.00000495792000000000
11.60000000000000140000	0.00000496444000000000
11.70000000000000280000	0.00000498633000000000
11.80000000000000430000	0.00000495327000000000
11.90000000000000570000	0.00000496025000000000
12.00000000000000000000	0.00000494908000000000
12.10000000000000140000	0.00000494442000000000
12.20000000000000280000	0.00000494395000000000
12.30000000000000430000	0.00000497236000000000
12.40000000000000570000	0.00000498633000000000
12.50000000000000000000	0.00000498540000000000
12.60000000000000140000	0.00000495932000000000
12.70000000000000280000	0.00000495839000000000
12.80000000000000430000	0.00000497236000000000
12.90000000000000570000	0.00000500822000000000
13.00000000000000000000	0.00000502172000000000
13.10000000000000140000	0.00000501893000000000
13.20000000000000280000	0.00000502638000000000
13.30000000000000430000	0.00000502638000000000
13.40000000000000570000	0.00000502498000000000
13.50000000000000000000	0.00000499983000000000
13.60000000000000140000	0.00000499099000000000
13.70000000000000280000	0.00000497515000000000
13.80000000000000430000	0.00000499099000000000
13.90000000000000570000	0.00000499006000000000
14.00000000000000000000	0.00000499192000000000
14.10000000000000140000	0.00000501660000000000
14.20000000000000280000	0.00000502219000000000
14.30000000000000430000	0.00000504268000000000
14.40000000000000570000	0.00000505618000000000
14.50000000000000000000	0.00000505199000000000
14.60000000000000140000	0.00000504966000000000
14.70000000000000280000	0.00000503103000000000
14.80000000000000430000	0.00000501520000000000
14.90000000000000570000	0.00000500682000000000
15.00000000000000000000	0.00000500077000000000
15.10000000000000140000	0.00000497096000000000
15.20000000000000280000	0.00000501008000000000
15.30000000000000430000	0.00000503942000000000
15.40000000000000570000	0.00000502265000000000
15.50000000000000000000	0.00000501101000000000
15.60000000000000140000	0.00000498354000000000
15.70000000000000280000	0.00000498912000000000
15.80000000000000430000	0.00000501054000000000
15.90000000000000570000	0.00000501800000000000
16.00000000000000000000	0.00000501101000000000
16.10000000000000140000	0.00000500263000000000
16.20000000000000280000	0.00000500589000000000
16.30000000000000430000	0.00000498447000000000
16.40000000000000570000	0.00000504687000000000
16.50000000000000000000	0.00000502219000000000
16.60000000000000140000	0.00000499611000000000
16.70000000000000280000	0.00000496538000000000
16.80000000000000430000	0.00000498074000000000
16.90000000000000570000	0.00000501474000000000
17.00000000000000000000	0.00000504966000000000
17.10000000000000140000	0.00000506270000000000
17.20000000000000280000	0.00000503336000000000
17.30000000000000430000	0.00000502545000000000
17.40000000000000570000	0.00000503802000000000
17.50000000000000000000	0.00000502451000000000
17.60000000000000140000	0.00000501520000000000
17.70000000000000280000	0.00000499285000000000
17.80000000000000430000	0.00000499052000000000
17.90000000000000570000	0.00000503103000000000
18.00000000000000000000	0.00000501148000000000
18.10000000000000140000	0.00000499192000000000
18.20000000000000280000	0.00000500635000000000
18.30000000000000420000	0.00000501380000000000
18.40000000000000570000	0.00000499564000000000
18.50000000000000000000	0.00000500449000000000
18.60000000000000140000	0.00000495839000000000
18.70000000000000280000	0.00000500868000000000
18.80000000000000420000	0.00000505245000000000
18.90000000000000570000	0.00000501939000000000
19.00000000000000000000	0.00000498260000000000
19.10000000000000140000	0.00000498773000000000
19.20000000000000280000	0.00000498400000000000
19.30000000000000420000	0.00000500542000000000
19.40000000000000570000	0.00000500682000000000
19.50000000000000000000	0.00000500309000000000
19.60000000000000140000	0.00000501986000000000
19.70000000000000280000	0.00000501427000000000
19.80000000000000420000	0.00000499751000000000
19.90000000000000570000	0.00000496817000000000
20.00000000000000000000	0.00000497841000000000
20.10000000000000140000	0.00000500868000000000
20.20000000000000280000	0.00000502824000000000
20.30000000000000420000	0.00000501613000000000
20.40000000000000570000	0.00000501753000000000
20.50000000000000000000	0.00000504640000000000
20.60000000000000140000	0.00000503755000000000
20.70000000000000280000	0.00000502032000000000
20.80000000000000420000	0.00000500775000000000
20.90000000000000570000	0.00000501706000000000
21.00000000000000000000	0.00000503476000000000
21.10000000000000140000	0.00000504826000000000
21.20000000000000280000	0.00000504174000000000
21.30000000000000420000	0.00000501474000000000
21.40000000000000570000	0.00000500170000000000
21.50000000000000000000	0.00000504454000000000
21.60000000000000140000	0.00000504454000000000
21.70000000000000280000	0.00000504128000000000
21.80000000000000420000	0.00000502777000000000
21.90000000000000570000	0.00000502498000000000
22.00000000000000000000	0.00000502172000000000
22.10000000000000140000	0.00000500961000000000
22.20000000000000280000	0.00000497003000000000
22.30000000000000420000	0.00000497376000000000
22.40000000000000570000	0.00000500496000000000
22.50000000000000000000	0.00000500170000000000
22.60000000000000140000	0.00000500309000000000
22.70000000000000280000	0.00000500542000000000
22.80000000000000420000	0.00000500542000000000
22.90000000000000570000	0.00000500263000000000
23.00000000000000000000	0.00000501148000000000
23.10000000000000140000	0.00000501753000000000
23.20000000000000280000	0.00000500775000000000
23.30000000000000420000	0.00000500868000000000
23.40000000000000570000	0.00000504826000000000
23.50000000000000000000	0.00000503336000000000
23.60000000000000140000	0.00000500682000000000
23.70000000000000280000	0.00000499518000000000
23.80000000000000420000	0.00000502731000000000
23.90000000000000570000	0.00000502405000000000
24.00000000000000000000	0.00000504407000000000
24.10000000000000850000	0.00000504500000000000
24.20000000000000280000	0.00000502219000000000
24.29999999999999710000	0.00000502638000000000
24.40000000000000570000	0.00000501567000000000
24.50000000000000000000	0.00000500309000000000
24.60000000000000850000	0.00000499145000000000
24.70000000000000280000	0.00000499006000000000
24.79999999999999710000	0.00000498167000000000
24.90000000000000570000	0.00000496770000000000
25.00000000000000000000	0.00000498400000000000
25.10000000000000850000	0.00000500403000000000
25.20000000000000280000	0.00000500589000000000
25.29999999999999710000	0.00000500216000000000
25.40000000000000570000	0.00000499704000000000
25.50000000000000000000	0.00000495932000000000
25.60000000000000850000	0.00000498680000000000
25.70000000000000280000	0.00000502591000000000
25.79999999999999710000	0.00000501287000000000
25.90000000000000570000	0.00000501474000000000
26.00000000000000000000	0.00000501939000000000
26.10000000000000850000	0.00000502684000000000
26.20000000000000280000	0.00000502405000000000
26.29999999999999710000	0.00000499332000000000
26.40000000000000570000	0.00000499611000000000
26.50000000000000000000	0.00000501008000000000
26.60000000000000850000	0.00000501008000000000
26.70000000000000280000	0.00000500123000000000
26.79999999999999710000	0.00000500123000000000
26.90000000000000570000	0.00000498866000000000
27.00000000000000000000	0.00000500216000000000
27.10000000000000850000	0.00000504035000000000
27.20000000000000280000	0.00000506363000000000
27.29999999999999710000	0.00000503290000000000
27.40000000000000570000	0.00000497562000000000
27.50000000000000000000	0.00000497515000000000
27.60000000000000850000	0.00000499378000000000
27.70000000000000280000	0.00000500170000000000
27.79999999999999710000	0.00000498912000000000
27.90000000000000570000	0.00000497469000000000
28.00000000000000000000	0.00000500496000000000
28.10000000000000850000	0.00000500822000000000
28.20000000000000280000	0.00000499378000000000
28.29999999999999710000	0.00000496212000000000
28.40000000000000570000	0.00000497609000000000
28.50000000000000000000	0.00000495047000000000
28.60000000000000850000	0.00000493883000000000
28.70000000000000280000	0.00000496584000000000
28.79999999999999710000	0.00000494768000000000
28.90000000000000570000	0.00000493092000000000
29.00000000000000000000	0.00000490111000000000
29.10000000000000850000	0.00000490205000000000
29.20000000000000280000	0.00000494442000000000
29.29999999999999710000	0.00000498307000000000
29.40000000000000570000	0.00000499471000000000
29.50000000000000000000	0.00000497469000000000
29.60000000000000850000	0.00000493697000000000
29.70000000000000280000	0.00000492905000000000
29.79999999999999710000	0.00000492347000000000
29.90000000000000570000	0.00000495606000000000
30.00000000000000000000	0.00000494535000000000
30.10000000000000850000	0.00000494209000000000
30.20000000000000280000	0.00000496491000000000
30.29999999999999710000	0.00000496584000000000
30.40000000000000570000	0.00000495373000000000
30.50000000000000000000	0.00000496538000000000
30.60000000000000850000	0.00000497189000000000
30.70000000000000280000	0.00000499937000000000
30.79999999999999710000	0.00000500077000000000
30.90000000000000570000	0.00000498633000000000
31.00000000000000000000	0.00000497935000000000
31.10000000000000850000	0.00000494721000000000
31.20000000000000280000	0.00000495094000000000
31.29999999999999710000	0.00000496864000000000
31.40000000000000570000	0.00000499285000000000
31.50000000000000000000	0.00000498633000000000
31.60000000000000850000	0.00000499332000000000
31.70000000000000280000	0.00000495373000000000
31.79999999999999710000	0.00000497422000000000
31.90000000000000570000	0.00000497935000000000
32.00000000000000000000	0.00000496770000000000
32.10000000000000850000	0.00000497981000000000
32.20000000000000280000	0.00000496351000000000
32.29999999999999710000	0.00000497189000000000
32.40000000000000570000	0.00000497515000000000
32.50000000000000000000	0.00000496491000000000
32.60000000000000850000	0.00000494721000000000
32.70000000000000280000	0.00000495932000000000
32.79999999999999710000	0.00000498167000000000
32.90000000000000570000	0.00000500356000000000
33.00000000000000000000	0.00000498866000000000
33.10000000000000850000	0.00000497236000000000
33.20000000000000280000	0.00000497515000000000
33.29999999999999710000	0.00000496351000000000
33.40000000000000570000	0.00000495373000000000
33.50000000000000000000	0.00000497609000000000
33.60000000000000850000	0.00000497376000000000
33.70000000000000280000	0.00000497050000000000
33.79999999999999710000	0.00000500589000000000
33.90000000000000570000	0.00000498680000000000
34.00000000000000000000	0.00000497748000000000
34.10000000000000850000	0.00000499471000000000
34.20000000000000280000	0.00000500868000000000
34.29999999999999710000	0.00000497609000000000
34.40000000000000570000	0.00000496305000000000
34.50000000000000000000	0.00000497376000000000
34.60000000000000850000	0.00000496398000000000
34.70000000000000280000	0.00000499145000000000
34.79999999999999710000	0.00000500775000000000
34.90000000000000570000	0.00000497469000000000
35.00000000000000000000	0.00000497236000000000
35.10000000000000850000	0.00000496677000000000
35.20000000000000280000	0.00000494908000000000
35.29999999999999710000	0.00000493744000000000
35.40000000000000570000	0.00000496212000000000
35.50000000000000000000	0.00000495047000000000
35.60000000000000850000	0.00000491974000000000
35.70000000000000280000	0.00000493883000000000
35.79999999999999710000	0.00000498214000000000
35.90000000000000570000	0.00000499238000000000
36.00000000000000000000	0.00000499145000000000
36.10000000000000850000	0.00000497935000000000
36.20000000000000280000	0.00000496258000000000
36.29999999999999710000	0.00000496631000000000
36.40000000000000570000	0.00000497236000000000
36.50000000000000000000	0.00000494302000000000
36.60000000000000850000	0.00000494954000000000
36.70000000000000280000	0.00000496025000000000
36.80000000000001130000	0.00000497283000000000
36.90000000000000570000	0.00000493650000000000
37.00000000000000000000	0.00000494954000000000
37.10000000000000850000	0.00000500123000000000
37.20000000000000280000	0.00000499285000000000
37.30000000000001130000	0.00000498447000000000
37.40000000000000570000	0.00000499052000000000
37.50000000000000000000	0.00000501520000000000
37.60000000000000850000	0.00000499937000000000
37.70000000000000280000	0.00000500170000000000
37.80000000000001130000	0.00000497050000000000
37.90000000000000570000	0.00000495839000000000
38.00000000000000000000	0.00000497702000000000
38.10000000000000850000	0.00000497376000000000
38.20000000000000280000	0.00000496631000000000
38.30000000000001130000	0.00000495420000000000
38.40000000000000570000	0.00000497609000000000
38.50000000000000000000	0.00000495373000000000
38.60000000000000850000	0.00000491508000000000
38.70000000000000280000	0.00000494442000000000
38.80000000000001130000	0.00000495746000000000
38.90000000000000570000	0.00000492952000000000
39.00000000000000000000	0.00000495746000000000
39.10000000000000850000	0.00000500309000000000
39.20000000000000280000	0.00000499564000000000
39.30000000000001130000	0.00000496212000000000
39.40000000000000570000	0.00000495001000000000
39.50000000000000000000	0.00000492626000000000
39.60000000000000850000	0.00000492905000000000
39.70000000000000280000	0.00000492533000000000
39.80000000000001130000	0.00000495699000000000
39.90000000000000570000	0.00000499425000000000
40.00000000000000000000	0.00000496817000000000
